/home/cn/anaconda3/envs/HGCL/bin/python3 /home/cn/lfy/HGCL-main/main.py --dataset Yelp --ssl_temp 0.5 --ssl_ureg 0.06 --ssl_ireg 0.07 --lr 0.058 --reg 0.05 --ssl_beta 0.45 --rank 3
2
Namespace(Layers=2, alpha=0.5, batch=4096, dataset='CiaoDVD', decay=0.97, epochs=100, gcn_act='prelu', graphSampleSeed=5000, hide_dim=32, layer_dim='[32]', lr=0.058, metareg=0.15, minlr=0.0001, patience=5, permute=1, rank=3, reg=0.05, seed=3, ssl_beta=0.45, ssl_iSamp=512, ssl_ineg=0.035, ssl_ireg=0.07, ssl_reg=0.02, ssl_temp=0.5, ssl_uSamp=512, ssl_uneg=0.005, ssl_ureg=0.06, tau_inst=6, topk=20, wi1=0.8, wi2=0.2, wu1=0.8, wu2=0.2)
ModelName = SR-HAN_CiaoDVD_1712714848_hide_dim_32_lr_0.058_reg_0.05_topK_20-ssl_ureg_0.06-ssl_ireg_0.07
0.507 	 0.8686868686868685 	 0.50770064 	 0.5037	0.51 	 0.28261273125290176	0.1200	0.0850	0.0833	0.0750	0.0660	0.0510	0.0365
0.5008 	 0.8667676767676766 	 0.5072333800000001 	 0.5073	0.58 	 0.32216234063571847	0.1200	0.1100	0.0967	0.0900	0.0820	0.0580	0.0350
0.5048 	 0.8616161616161616 	 0.50874672 	 0.5066	0.58 	 0.3360582099533256	0.1400	0.1100	0.1100	0.1000	0.0880	0.0580	0.0370
0.5096 	 0.8745454545454545 	 0.51308854 	 0.5087	0.66 	 0.37236565752911127	0.1500	0.1200	0.1067	0.1050	0.0980	0.0660	0.0385
0.5156 	 0.8666666666666666 	 0.51521876 	 0.5109	0.69 	 0.3791036592193635	0.1500	0.1300	0.1100	0.0975	0.0860	0.0690	0.0400
0.511 	 0.8579797979797981 	 0.51325372 	 0.5101	0.61 	 0.36273065940354193	0.1600	0.1450	0.1133	0.0975	0.0920	0.0610	0.0380
0.5082 	 0.8496969696969697 	 0.51092856 	 0.5108	0.6 	 0.3166312868112413	0.1100	0.0900	0.1033	0.0825	0.0720	0.0600	0.0370
0.5058 	 0.8444444444444444 	 0.50994498 	 0.5113	0.57 	 0.3265812584780244	0.1500	0.1000	0.0867	0.0825	0.0840	0.0570	0.0380
0.5084 	 0.8446464646464646 	 0.5091595200000001 	 0.511	0.6 	 0.3511144484682623	0.1600	0.1300	0.1000	0.0950	0.0840	0.0600	0.0370
0.5108 	 0.84010101010101 	 0.5088553600000001 	 0.5113	0.57 	 0.3421490049245976	0.1600	0.1250	0.1100	0.0925	0.0860	0.0570	0.0375
0.508 	 0.8219191919191919 	 0.5091266 	 0.5088	0.55 	 0.338861108706128	0.1800	0.1150	0.1100	0.0925	0.0780	0.0550	0.0370
0.5122 	 0.8270707070707072 	 0.51179252 	 0.5082	0.56 	 0.35109336344998804	0.1800	0.1350	0.1133	0.0925	0.0880	0.0560	0.0345
0.5118 	 0.8175757575757574 	 0.5089356 	 0.5059	0.59 	 0.37719108998600953	0.2100	0.1550	0.1133	0.1000	0.0880	0.0590	0.0340
0.5144 	 0.8183838383838382 	 0.5119049200000001 	 0.5074	0.61 	 0.3506716989297635	0.1400	0.1300	0.1133	0.0975	0.0860	0.0610	0.0345
0.5092 	 0.8339393939393939 	 0.50970114 	 0.5083	0.61 	 0.3550997929037784	0.1500	0.1300	0.1167	0.0925	0.0860	0.0610	0.0350
0.5016 	 0.8367676767676768 	 0.509124 	 0.5084	0.62 	 0.370044516188538	0.1700	0.1350	0.1233	0.1050	0.0920	0.0620	0.0360
0.509 	 0.8363636363636364 	 0.50826496 	 0.5095	0.62 	 0.3675105752511646	0.1800	0.1350	0.1133	0.0975	0.0820	0.0620	0.0355
0.5068 	 0.8308080808080809 	 0.50981732 	 0.5057	0.59 	 0.35888359958681126	0.1800	0.1300	0.1133	0.0900	0.0880	0.0590	0.0355
0.5114 	 0.8253535353535354 	 0.50808056 	 0.5057	0.59 	 0.3768114034572796	0.2000	0.1450	0.1233	0.1075	0.0940	0.0590	0.0340
0.5074 	 0.8286868686868687 	 0.50874796 	 0.5072	0.58 	 0.35307418767768445	0.1900	0.1350	0.1033	0.0875	0.0760	0.0580	0.0345
0.5068 	 0.8244444444444444 	 0.5059872400000001 	 0.5044	0.57 	 0.34182026691257794	0.1700	0.1250	0.1000	0.0950	0.0820	0.0570	0.0355
0.5064 	 0.8469696969696969 	 0.50756284 	 0.5058	0.6 	 0.38709481598727613	0.2400	0.1500	0.1133	0.0925	0.0800	0.0600	0.0370
0.5086 	 0.8347474747474748 	 0.50686554 	 0.5058	0.61 	 0.3650995697112642	0.1800	0.1250	0.1133	0.1000	0.0880	0.0610	0.0355
0.507 	 0.8322222222222223 	 0.5075962 	 0.507	0.59 	 0.3922634902373791	0.2200	0.1700	0.1233	0.1050	0.0960	0.0590	0.0360
0.511 	 0.8202020202020202 	 0.50841884 	 0.5064	0.58 	 0.3650693498559884	0.2000	0.1350	0.1100	0.0950	0.0880	0.0580	0.0355
0.5114 	 0.832121212121212 	 0.50921194 	 0.5057	0.61 	 0.384047137711233	0.2000	0.1300	0.1200	0.1200	0.1040	0.0610	0.0370
0.5012 	 0.8314141414141415 	 0.50627324 	 0.504	0.61 	 0.38116328712627734	0.2100	0.1450	0.1100	0.0975	0.0920	0.0610	0.0355
0.4988 	 0.8305050505050505 	 0.50585744 	 0.506	0.61 	 0.38330182475763297	0.2100	0.1400	0.1133	0.1075	0.0940	0.0610	0.0360
0.5086 	 0.826060606060606 	 0.50844868 	 0.5056	0.61 	 0.39184283630449557	0.2400	0.1400	0.1100	0.0975	0.0900	0.0610	0.0350
0.5044 	 0.8312121212121211 	 0.50611924 	 0.504	0.58 	 0.3957312397885434	0.2400	0.1600	0.1267	0.1100	0.1000	0.0580	0.0350
0.5088 	 0.8284848484848486 	 0.50784538 	 0.5064	0.62 	 0.3991841272380355	0.2300	0.1500	0.1267	0.1050	0.1000	0.0620	0.0355
0.5088 	 0.8241414141414141 	 0.5074017 	 0.5069	0.57 	 0.3971569073820956	0.2600	0.1700	0.1233	0.1050	0.0920	0.0570	0.0355
0.5062 	 0.828888888888889 	 0.50676342 	 0.5058	0.59 	 0.3860497619370228	0.2300	0.1600	0.1133	0.1025	0.0860	0.0590	0.0360
0.5088 	 0.8216161616161617 	 0.50890156 	 0.5053	0.56 	 0.3626175351715075	0.2000	0.1500	0.1133	0.1000	0.0840	0.0560	0.0360
0.5042 	 0.8275757575757575 	 0.50844926 	 0.5052	0.6 	 0.376216556602306	0.2000	0.1500	0.1200	0.1000	0.0860	0.0600	0.0345
0.5038 	 0.8290909090909091 	 0.50632154 	 0.5052	0.58 	 0.3884163230822566	0.2400	0.1500	0.1167	0.1100	0.0960	0.0580	0.0350
0.5004 	 0.8238383838383838 	 0.50462172 	 0.5052	0.55 	 0.38039247271657833	0.2400	0.1600	0.1233	0.1025	0.0880	0.0550	0.0350
0.5026 	 0.8243434343434342 	 0.50487864 	 0.503	0.54 	 0.3704520519492942	0.2300	0.1550	0.1167	0.1025	0.0900	0.0540	0.0360
0.5034 	 0.8276767676767676 	 0.50472136 	 0.5053	0.52 	 0.3694204457872945	0.2400	0.1550	0.1233	0.1050	0.0900	0.0520	0.0360
0.5008 	 0.8253535353535352 	 0.50397632 	 0.5041	0.54 	 0.3796293983972355	0.2600	0.1500	0.1233	0.1025	0.0840	0.0540	0.0335
0.5056 	 0.8224242424242424 	 0.504337 	 0.5059	0.57 	 0.38228817639512186	0.2500	0.1400	0.1133	0.1050	0.0900	0.0570	0.0365
0.5028 	 0.8246464646464646 	 0.50349252 	 0.5053	0.55 	 0.371869267937735	0.2300	0.1450	0.1233	0.1050	0.0880	0.0550	0.0355
0.5056 	 0.8215151515151515 	 0.50373164 	 0.5051	0.59 	 0.3925050497267326	0.2500	0.1450	0.1200	0.1075	0.0920	0.0590	0.0355
0.5056 	 0.8242424242424242 	 0.5050918 	 0.5055	0.61 	 0.39460945010228743	0.2300	0.1400	0.1333	0.1100	0.0940	0.0610	0.0360
0.506 	 0.823131313131313 	 0.50608718 	 0.5066	0.58 	 0.38610991593135985	0.2300	0.1500	0.1300	0.1000	0.0940	0.0580	0.0360
0.5136 	 0.8262626262626263 	 0.5055611600000001 	 0.5056	0.59 	 0.38628692379701585	0.2400	0.1500	0.1133	0.0975	0.0880	0.0590	0.0345
0.5102 	 0.824949494949495 	 0.5060210199999999 	 0.5061	0.56 	 0.3778132157367759	0.2400	0.1400	0.1233	0.0975	0.0860	0.0560	0.0365
0.5146 	 0.8228282828282828 	 0.5053581 	 0.5042	0.57 	 0.3802824596596195	0.2300	0.1450	0.1267	0.1050	0.0900	0.0570	0.0360
0.5136 	 0.8307070707070707 	 0.5060067399999999 	 0.5048	0.61 	 0.4079556400412978	0.2500	0.1600	0.1333	0.1125	0.0940	0.0610	0.0355
0.5096 	 0.8236363636363636 	 0.50490672 	 0.504	0.57 	 0.39071002384856407	0.2500	0.1550	0.1300	0.1000	0.0900	0.0570	0.0350
0.5052 	 0.8291919191919191 	 0.5040781400000001 	 0.5041	0.59 	 0.3805516043163378	0.2300	0.1400	0.1133	0.0950	0.0900	0.0590	0.0355
0.5014 	 0.827979797979798 	 0.503729 	 0.5051	0.55 	 0.3826850403568538	0.2400	0.1500	0.1333	0.1125	0.0940	0.0550	0.0350
0.5028 	 0.8289898989898989 	 0.50415576 	 0.5053	0.57 	 0.3759537698914638	0.2200	0.1400	0.1233	0.1075	0.0940	0.0570	0.0350
0.5034 	 0.8265656565656566 	 0.5042139200000001 	 0.5057	0.57 	 0.3830395231814141	0.2300	0.1400	0.1367	0.1125	0.0940	0.0570	0.0345
0.5022 	 0.8271717171717171 	 0.50424152 	 0.5057	0.57 	 0.3807864693582911	0.2300	0.1500	0.1233	0.1050	0.0880	0.0570	0.0340
0.5056 	 0.8262626262626261 	 0.5055588400000001 	 0.5058	0.55 	 0.3792096981579941	0.2400	0.1450	0.1300	0.1075	0.0880	0.0550	0.0350
0.5056 	 0.828080808080808 	 0.50575272 	 0.5072	0.55 	 0.38502843715060386	0.2600	0.1500	0.1233	0.1025	0.0860	0.0550	0.0350
0.5088 	 0.8258585858585858 	 0.50641548 	 0.5055	0.53 	 0.37592014206315194	0.2500	0.1500	0.1233	0.1025	0.0900	0.0530	0.0350
0.505 	 0.8310101010101011 	 0.5061292 	 0.5045	0.55 	 0.38022608990148193	0.2500	0.1450	0.1167	0.1100	0.0900	0.0550	0.0375
0.51 	 0.8256565656565656 	 0.50603588 	 0.506	0.56 	 0.38108037592260585	0.2400	0.1550	0.1267	0.1000	0.0880	0.0560	0.0350
0.5066 	 0.8263636363636364 	 0.5063276800000001 	 0.5046	0.54 	 0.3818390727765157	0.2600	0.1500	0.1200	0.1050	0.0900	0.0540	0.0355
0.5076 	 0.8354545454545454 	 0.50617834 	 0.5057	0.56 	 0.38284824888320435	0.2500	0.1550	0.1133	0.1000	0.0880	0.0560	0.0365
0.5094 	 0.8381818181818183 	 0.50646854 	 0.5051	0.55 	 0.3908830284727706	0.2600	0.1600	0.1267	0.1125	0.0920	0.0550	0.0370
0.5086 	 0.8302020202020202 	 0.5056814999999999 	 0.5036	0.52 	 0.3754311000953456	0.2500	0.1600	0.1200	0.1075	0.0920	0.0520	0.0355
0.5094 	 0.8337373737373739 	 0.50571008 	 0.5053	0.54 	 0.3820857209245622	0.2500	0.1550	0.1233	0.1125	0.0960	0.0540	0.0365
0.5066 	 0.8345454545454545 	 0.50561626 	 0.5054	0.57 	 0.39458147102741203	0.2600	0.1550	0.1200	0.1125	0.0960	0.0570	0.0360
0.5034 	 0.8323232323232322 	 0.50517028 	 0.5056	0.56 	 0.3856697842383211	0.2500	0.1600	0.1200	0.1025	0.0880	0.0560	0.0360
0.505 	 0.8307070707070707 	 0.5050076800000001 	 0.5054	0.55 	 0.38982315692122527	0.2600	0.1550	0.1267	0.1100	0.0960	0.0550	0.0355
0.5068 	 0.8315151515151514 	 0.50514056 	 0.5052	0.55 	 0.3905526200129072	0.2500	0.1650	0.1367	0.1100	0.0960	0.0550	0.0350
0.5022 	 0.8287878787878789 	 0.50435846 	 0.5045	0.55 	 0.3840463329721856	0.2400	0.1550	0.1400	0.1075	0.0900	0.0550	0.0350
0.5084 	 0.834040404040404 	 0.50519768 	 0.5052	0.59 	 0.402667322270835	0.2500	0.1600	0.1400	0.1125	0.0920	0.0590	0.0350
0.5058 	 0.8310101010101011 	 0.5055864 	 0.5042	0.55 	 0.3960227539966963	0.2700	0.1550	0.1367	0.1125	0.0940	0.0550	0.0340
0.5102 	 0.8355555555555556 	 0.5056271999999999 	 0.5038	0.57 	 0.38520704883283435	0.2300	0.1450	0.1367	0.1125	0.0960	0.0570	0.0365
0.5078 	 0.8366666666666667 	 0.50607512 	 0.5039	0.6 	 0.3883817479360239	0.2200	0.1450	0.1300	0.1100	0.0940	0.0600	0.0360
0.503 	 0.8339393939393939 	 0.5053516 	 0.5035	0.56 	 0.3827179707929956	0.2400	0.1500	0.1300	0.1050	0.0880	0.0560	0.0365
0.5032 	 0.8316161616161617 	 0.505555 	 0.5039	0.58 	 0.37699121138769803	0.2100	0.1450	0.1267	0.1100	0.0900	0.0580	0.0360
0.503 	 0.8345454545454544 	 0.50602912 	 0.5041	0.56 	 0.3743679290410333	0.2200	0.1450	0.1200	0.1125	0.0920	0.0560	0.0370
0.506 	 0.8345454545454545 	 0.50594636 	 0.5042	0.59 	 0.38841927696540096	0.2200	0.1550	0.1333	0.1100	0.0940	0.0590	0.0375
0.5074 	 0.8371717171717172 	 0.50652488 	 0.5038	0.57 	 0.37750901818305477	0.2200	0.1450	0.1267	0.1050	0.0920	0.0570	0.0365
0.5032 	 0.8348484848484848 	 0.506386 	 0.5033	0.58 	 0.3819134690301232	0.2200	0.1450	0.1333	0.1100	0.0900	0.0580	0.0370
0.5098 	 0.8277777777777778 	 0.50659272 	 0.5039	0.59 	 0.38586464143319665	0.2300	0.1400	0.1267	0.1075	0.0940	0.0590	0.0365
0.5092 	 0.8348484848484847 	 0.50579972 	 0.5039	0.59 	 0.3955015595608643	0.2400	0.1550	0.1300	0.1075	0.0920	0.0590	0.0375
0.5098 	 0.8346464646464645 	 0.5058486 	 0.5037	0.6 	 0.3987507583583972	0.2400	0.1500	0.1333	0.1100	0.0980	0.0600	0.0375
0.5044 	 0.8326262626262624 	 0.50595168 	 0.5029	0.58 	 0.3877012623743666	0.2300	0.1500	0.1233	0.1150	0.0940	0.0580	0.0365
0.5066 	 0.8344444444444443 	 0.5056428 	 0.504	0.61 	 0.3945786547631897	0.2200	0.1600	0.1267	0.1075	0.0960	0.0610	0.0365
0.5076 	 0.8316161616161614 	 0.5061802 	 0.5036	0.59 	 0.3997082171970566	0.2400	0.1550	0.1367	0.1150	0.0980	0.0590	0.0360
0.5064 	 0.8319191919191917 	 0.5060283999999999 	 0.5032	0.57 	 0.3909136059513791	0.2400	0.1650	0.1233	0.1100	0.0920	0.0570	0.0360
0.5054 	 0.8356565656565655 	 0.50697734 	 0.5031	0.58 	 0.3928931340093788	0.2400	0.1500	0.1367	0.1125	0.0920	0.0580	0.0370
0.5062 	 0.8361616161616162 	 0.50714476 	 0.5027	0.59 	 0.39352094337840415	0.2300	0.1500	0.1367	0.1150	0.0980	0.0590	0.0370
0.5056 	 0.8326262626262626 	 0.5067269400000001 	 0.5041	0.58 	 0.3951487189809779	0.2500	0.1450	0.1300	0.1175	0.0960	0.0580	0.0375
0.5078 	 0.8364646464646465 	 0.50700112 	 0.504	0.59 	 0.40001634312396483	0.2500	0.1550	0.1300	0.1150	0.0960	0.0590	0.0370
0.5082 	 0.8331313131313131 	 0.50693986 	 0.5036	0.57 	 0.3978564157482288	0.2500	0.1600	0.1367	0.1200	0.0960	0.0570	0.0375
0.5072 	 0.8317171717171716 	 0.5069037 	 0.5041	0.57 	 0.3773503656887391	0.2100	0.1400	0.1367	0.1175	0.0940	0.0570	0.0360
0.51 	 0.8356565656565657 	 0.5068623999999999 	 0.5038	0.59 	 0.39341982895409044	0.2400	0.1500	0.1267	0.1100	0.0920	0.0590	0.0360
0.506 	 0.837979797979798 	 0.50663632 	 0.5045	0.62 	 0.40157245037297185	0.2300	0.1400	0.1400	0.1175	0.0960	0.0620	0.0370
0.5088 	 0.8347474747474748 	 0.50682768 	 0.5036	0.6 	 0.391314289736334	0.2200	0.1450	0.1300	0.1150	0.0960	0.0600	0.0365
0.509 	 0.8372727272727274 	 0.50679538 	 0.5048	0.63 	 0.40448726845927446	0.2300	0.1550	0.1333	0.1125	0.0920	0.0630	0.0375
0.5082 	 0.835050505050505 	 0.50681252 	 0.5039	0.6 	 0.3955093218798599	0.2300	0.1500	0.1367	0.1150	0.0940	0.0600	0.0365
0.5078 	 0.8357575757575758 	 0.50616094 	 0.5044	0.61 	 0.39419878553475707	0.2300	0.1450	0.1267	0.1125	0.0960	0.0610	0.0370
0.5072 	 0.837979797979798 	 0.50610848 	 0.5043	0.61 	 0.40619122085303977	0.2600	0.1500	0.1233	0.1075	0.0940	0.0610	0.0375
0.5048 	 0.8364646464646465 	 0.50666192 	 0.5036	0.62 	 0.3934404009560668	0.2200	0.1450	0.1233	0.1100	0.0960	0.0620	0.0370

Process finished with exit code 0
