/home/cn/anaconda3/envs/HGCL/bin/python3 /home/cn/lfy/HGCL-main/main.py --dataset Yelp --ssl_temp 0.5 --ssl_ureg 0.06 --ssl_ireg 0.07 --lr 0.058 --reg 0.05 --ssl_beta 0.45 --rank 3
2
Namespace(Layers=2, alpha=0.5, batch=8192, dataset='city', decay=0.97, epochs=100, gcn_act='prelu', graphSampleSeed=5000, hide_dim=32, layer_dim='[32]', lr=0.058, metareg=0.15, minlr=0.0001, patience=5, permute=1, rank=3, reg=0.05, seed=4, ssl_beta=0.45, ssl_iSamp=512, ssl_ineg=0.045, ssl_ireg=0.07, ssl_reg=0.02, ssl_temp=0.5, ssl_uSamp=512, ssl_uneg=0.045, ssl_ureg=0.06, tau_inst=6, topk=20, wi1=0.8, wi2=0.2, wu1=0.8, wu2=0.2)
ModelName = SR-HAN_city_1713095995_hide_dim_32_lr_0.058_reg_0.05_topK_20-ssl_ureg_0.06-ssl_ireg_0.07
0.34 	 0.17926038717296613	0.0800	0.0550	0.0400	0.0350	0.0320	0.0340	0.0250
0.39 	 0.20029082740882312	0.0700	0.0500	0.0500	0.0500	0.0480	0.0390	0.0315
0.47 	 0.2332373768961669	0.0600	0.0650	0.0600	0.0600	0.0620	0.0470	0.0350
0.49 	 0.2536200546924443	0.0700	0.0850	0.0667	0.0700	0.0700	0.0490	0.0360
0.49 	 0.28391755548909764	0.1200	0.1000	0.0867	0.0750	0.0780	0.0490	0.0370
0.47 	 0.2981795920503374	0.1400	0.1250	0.1033	0.0875	0.0720	0.0470	0.0380
0.54 	 0.3234349951834132	0.1500	0.1250	0.1033	0.0875	0.0760	0.0540	0.0375
0.55 	 0.33904506946874075	0.1800	0.1200	0.1133	0.0875	0.0800	0.0550	0.0370
0.51 	 0.33042740302072665	0.2000	0.1150	0.1033	0.0875	0.0780	0.0510	0.0370
0.54 	 0.3387525009672859	0.1900	0.1150	0.1067	0.0950	0.0800	0.0540	0.0370
0.54 	 0.3320773640556769	0.1700	0.1250	0.0967	0.0900	0.0800	0.0540	0.0370
0.55 	 0.3361926289580692	0.1700	0.1250	0.1033	0.0900	0.0820	0.0550	0.0380
0.54 	 0.3353508886135908	0.1600	0.1450	0.1067	0.0875	0.0840	0.0540	0.0380
0.54 	 0.3236942182067588	0.1400	0.1350	0.1000	0.0800	0.0840	0.0540	0.0370
0.54 	 0.31217591002264383	0.1200	0.1200	0.1000	0.0825	0.0800	0.0540	0.0355
0.53 	 0.329650065135438	0.1500	0.1450	0.1100	0.0925	0.0820	0.0530	0.0350
0.55 	 0.3276540211030412	0.1400	0.1300	0.1067	0.0900	0.0840	0.0550	0.0360
0.54 	 0.3281081999422609	0.1600	0.1250	0.1000	0.0850	0.0800	0.0540	0.0360
0.53 	 0.31782016412497266	0.1500	0.1150	0.0967	0.0825	0.0820	0.0530	0.0375
0.55 	 0.3385004511881723	0.1800	0.1250	0.0967	0.0875	0.0840	0.0550	0.0375
0.53 	 0.33714826141162746	0.1800	0.1400	0.1033	0.0825	0.0820	0.0530	0.0370
0.53 	 0.33191058518914834	0.1700	0.1350	0.1000	0.0900	0.0800	0.0530	0.0365
0.57 	 0.3515390368669186	0.1800	0.1400	0.1000	0.0875	0.0880	0.0570	0.0365
0.55 	 0.3451003874536681	0.1800	0.1350	0.1100	0.0875	0.0840	0.0550	0.0360
0.56 	 0.3566872949852554	0.2000	0.1350	0.1067	0.0975	0.0920	0.0560	0.0360
0.58 	 0.3686155669593625	0.2000	0.1550	0.1133	0.0975	0.0860	0.0580	0.0375
0.56 	 0.35756133921777106	0.2000	0.1400	0.1133	0.0925	0.0820	0.0560	0.0370
0.55 	 0.3698109875332751	0.2300	0.1550	0.1100	0.0925	0.0840	0.0550	0.0360
0.56 	 0.3579751615615775	0.2000	0.1400	0.1067	0.0950	0.0880	0.0560	0.0385
0.56 	 0.3489846337440259	0.1800	0.1350	0.1100	0.0875	0.0860	0.0560	0.0370
0.54 	 0.35638326821357774	0.2100	0.1450	0.1133	0.0975	0.0820	0.0540	0.0370
0.56 	 0.36719444203946133	0.2200	0.1400	0.1167	0.0975	0.0820	0.0560	0.0355
0.57 	 0.3641255826882616	0.2000	0.1450	0.1133	0.1000	0.0880	0.0570	0.0355
0.57 	 0.37551049027141964	0.2200	0.1550	0.1167	0.1025	0.0880	0.0570	0.0355
0.57 	 0.3761221787093478	0.2200	0.1550	0.1133	0.1050	0.0860	0.0570	0.0375
0.57 	 0.37789385529370934	0.2300	0.1500	0.1133	0.1025	0.0880	0.0570	0.0365
0.57 	 0.38819983238953065	0.2400	0.1650	0.1200	0.1025	0.0900	0.0570	0.0365
0.54 	 0.36348160068983665	0.2100	0.1600	0.1167	0.1000	0.0820	0.0540	0.0360
0.56 	 0.37626192329934127	0.2200	0.1700	0.1133	0.1025	0.0880	0.0560	0.0380
0.55 	 0.3839521243748684	0.2500	0.1700	0.1133	0.1000	0.0860	0.0550	0.0370
0.57 	 0.3897730631746667	0.2500	0.1650	0.1167	0.1000	0.0860	0.0570	0.0385
0.55 	 0.3733469330763215	0.2200	0.1650	0.1233	0.1000	0.0860	0.0550	0.0375
0.55 	 0.37945095601064616	0.2400	0.1650	0.1167	0.1000	0.0860	0.0550	0.0360
0.55 	 0.37740066183989673	0.2300	0.1650	0.1167	0.1050	0.0880	0.0550	0.0375
0.57 	 0.37987675972355833	0.2200	0.1600	0.1200	0.1000	0.0900	0.0570	0.0380
0.54 	 0.3736577140110533	0.2200	0.1650	0.1233	0.1050	0.0880	0.0540	0.0370
0.6 	 0.40027416187289	0.2500	0.1600	0.1267	0.1025	0.0880	0.0600	0.0385
0.58 	 0.3952747811168363	0.2500	0.1600	0.1233	0.1050	0.0900	0.0580	0.0385
0.57 	 0.39014474241860164	0.2500	0.1500	0.1233	0.1075	0.0900	0.0570	0.0370
0.58 	 0.39745454134307456	0.2500	0.1650	0.1233	0.1100	0.0920	0.0580	0.0380
0.56 	 0.4001058506323082	0.2800	0.1650	0.1233	0.1000	0.0880	0.0560	0.0375
0.58 	 0.4027287531270008	0.2700	0.1650	0.1267	0.1000	0.0900	0.0580	0.0370
0.56 	 0.40406736747895505	0.2900	0.1650	0.1200	0.1025	0.0940	0.0560	0.0365
0.57 	 0.3924791299905621	0.2500	0.1600	0.1267	0.1025	0.0920	0.0570	0.0365
0.57 	 0.39453120514413625	0.2500	0.1750	0.1267	0.1050	0.0880	0.0570	0.0370
0.6 	 0.39947923251595524	0.2500	0.1600	0.1167	0.0975	0.0960	0.0600	0.0380
0.58 	 0.40704137158761744	0.2800	0.1650	0.1233	0.1025	0.0940	0.0580	0.0380
0.58 	 0.3942723294836297	0.2400	0.1650	0.1233	0.1050	0.1000	0.0580	0.0385
0.58 	 0.40861374341533746	0.2800	0.1700	0.1233	0.1025	0.0940	0.0580	0.0380
0.59 	 0.38809976493780035	0.2400	0.1550	0.1200	0.0975	0.0860	0.0590	0.0370
0.6 	 0.40985539981446756	0.2700	0.1650	0.1233	0.0975	0.0960	0.0600	0.0380
0.58 	 0.39037063721115706	0.2500	0.1550	0.1200	0.0975	0.0860	0.0580	0.0375
0.59 	 0.39736825797618713	0.2500	0.1600	0.1233	0.1000	0.0920	0.0590	0.0380
0.59 	 0.39775503619418806	0.2600	0.1650	0.1167	0.0925	0.0840	0.0590	0.0375
0.59 	 0.3865588295461049	0.2300	0.1600	0.1200	0.0975	0.0860	0.0590	0.0375
0.56 	 0.3999481151338682	0.2900	0.1650	0.1133	0.0975	0.0860	0.0560	0.0385
0.58 	 0.39751575750132284	0.2600	0.1700	0.1167	0.0975	0.0860	0.0580	0.0375
0.57 	 0.3884941009386739	0.2500	0.1650	0.1167	0.0975	0.0820	0.0570	0.0370
0.56 	 0.3915008347424	0.2600	0.1600	0.1233	0.0950	0.0900	0.0560	0.0380
0.61 	 0.3990894701788153	0.2500	0.1650	0.1133	0.0925	0.0820	0.0610	0.0370
0.59 	 0.3967543954688233	0.2500	0.1650	0.1233	0.1025	0.0860	0.0590	0.0375
0.59 	 0.3951698542531531	0.2400	0.1700	0.1267	0.1000	0.0860	0.0590	0.0375
0.61 	 0.409585614407364	0.2700	0.1600	0.1133	0.1025	0.0920	0.0610	0.0385
0.61 	 0.3865764132013052	0.2200	0.1500	0.1233	0.0975	0.0860	0.0610	0.0380
0.61 	 0.40485908141182714	0.2500	0.1700	0.1200	0.0975	0.0880	0.0610	0.0380
0.6 	 0.3917594805387074	0.2300	0.1600	0.1167	0.0975	0.0920	0.0600	0.0385
0.61 	 0.39089310778661696	0.2300	0.1500	0.1200	0.0950	0.0880	0.0610	0.0380
0.59 	 0.39534823184990253	0.2500	0.1600	0.1200	0.1000	0.0860	0.0590	0.0380
0.6 	 0.40505700554440843	0.2600	0.1700	0.1200	0.0950	0.0880	0.0600	0.0375
0.59 	 0.3971069290799831	0.2500	0.1700	0.1200	0.0950	0.0840	0.0590	0.0385
0.58 	 0.3846372332238176	0.2200	0.1700	0.1200	0.1025	0.0900	0.0580	0.0380
0.59 	 0.3994196532832395	0.2600	0.1650	0.1167	0.0925	0.0900	0.0590	0.0380
0.62 	 0.4224607676450448	0.2900	0.1750	0.1167	0.0950	0.0900	0.0620	0.0380
0.6 	 0.3976357161635103	0.2400	0.1700	0.1233	0.0975	0.0860	0.0600	0.0375
0.59 	 0.4080561915042599	0.2800	0.1650	0.1200	0.0975	0.0860	0.0590	0.0385
0.61 	 0.39639271248472296	0.2400	0.1700	0.1133	0.0900	0.0840	0.0610	0.0370
0.6 	 0.405203530270654	0.2700	0.1650	0.1233	0.0975	0.0840	0.0600	0.0380
0.61 	 0.3944984306452518	0.2400	0.1650	0.1167	0.0925	0.0800	0.0610	0.0380
0.6 	 0.40352828003347446	0.2600	0.1700	0.1200	0.0950	0.0860	0.0600	0.0385
0.61 	 0.4111715049674033	0.2600	0.1750	0.1267	0.1000	0.0880	0.0610	0.0380
0.61 	 0.4130227090794287	0.2700	0.1700	0.1233	0.1000	0.0900	0.0610	0.0380
0.58 	 0.4080119267454236	0.2800	0.1750	0.1233	0.1025	0.0860	0.0580	0.0380
0.61 	 0.4162867819823438	0.2800	0.1700	0.1233	0.1000	0.0840	0.0610	0.0375
0.62 	 0.41537062213092596	0.2700	0.1700	0.1200	0.1000	0.0840	0.0620	0.0380
0.58 	 0.4023024302128615	0.2700	0.1700	0.1133	0.1000	0.0880	0.0580	0.0380
0.61 	 0.41277594548693636	0.2700	0.1750	0.1200	0.0975	0.0860	0.0610	0.0375
0.62 	 0.42029097771809176	0.2800	0.1750	0.1233	0.0950	0.0900	0.0620	0.0380
0.59 	 0.396732675804876	0.2500	0.1650	0.1167	0.0975	0.0880	0.0590	0.0375
0.6 	 0.41899739840038946	0.2800	0.1850	0.1267	0.0975	0.0920	0.0600	0.0390
0.62 	 0.4329789955073858	0.3100	0.1700	0.1267	0.1025	0.0920	0.0620	0.0375
0.59 	 0.4062059136049075	0.2700	0.1700	0.1233	0.0975	0.0840	0.0590	0.0380

Process finished with exit code 0
