/home/cn/anaconda3/envs/HGCL/bin/python3 /home/cn/lfy/HGCL-main/main.py --dataset Yelp --ssl_temp 0.5 --ssl_ureg 0.06 --ssl_ireg 0.07 --lr 0.058 --reg 0.05 --ssl_beta 0.45 --rank 3
2
Namespace(Layers=2, alpha=0.5, batch=8192, dataset='city', decay=0.97, epochs=100, gcn_act='prelu', graphSampleSeed=5000, hide_dim=32, layer_dim='[32]', lr=0.058, metareg=0.15, minlr=0.0001, patience=5, permute=1, rank=3, reg=0.05, seed=1234, ssl_beta=0.45, ssl_iSamp=512, ssl_ineg=0.045, ssl_ireg=0.07, ssl_reg=0.02, ssl_temp=0.5, ssl_uSamp=512, ssl_uneg=0.045, ssl_ureg=0.06, tau_inst=6, topk=20, wi1=0.8, wi2=0.2, wu1=0.8, wu2=0.2)
ModelName = SR-HAN_city_1713096097_hide_dim_32_lr_0.058_reg_0.05_topK_20-ssl_ureg_0.06-ssl_ireg_0.07
0.31 	 0.18827715684269294	0.0900	0.0700	0.0600	0.0500	0.0480	0.0310	0.0270
0.45 	 0.24263301986097943	0.0900	0.0800	0.0733	0.0575	0.0600	0.0450	0.0325
0.52 	 0.27472559871082725	0.1100	0.0850	0.0700	0.0625	0.0620	0.0520	0.0360
0.53 	 0.28003144946923586	0.1000	0.0900	0.0767	0.0625	0.0640	0.0530	0.0365
0.54 	 0.29222925936458083	0.1100	0.0850	0.0767	0.0800	0.0740	0.0540	0.0365
0.54 	 0.29028668086629955	0.0900	0.0950	0.0800	0.0850	0.0820	0.0540	0.0370
0.54 	 0.31813179592371466	0.1500	0.1100	0.1000	0.0825	0.0760	0.0540	0.0375
0.55 	 0.33924449928365363	0.1700	0.1250	0.1133	0.0875	0.0800	0.0550	0.0375
0.57 	 0.35355044712198364	0.1800	0.1300	0.1133	0.1000	0.0840	0.0570	0.0360
0.55 	 0.34151567155156004	0.1600	0.1350	0.1167	0.1000	0.0820	0.0550	0.0340
0.55 	 0.3440053290610574	0.1600	0.1400	0.1133	0.1025	0.0840	0.0550	0.0350
0.56 	 0.34515374879931515	0.1700	0.1300	0.1100	0.0950	0.0800	0.0560	0.0335
0.55 	 0.3448973771278112	0.1800	0.1150	0.1133	0.1000	0.0920	0.0550	0.0340
0.55 	 0.34256602617151116	0.1700	0.1250	0.1100	0.0975	0.0900	0.0550	0.0345
0.55 	 0.350156623101997	0.2000	0.1150	0.1033	0.1000	0.0900	0.0550	0.0335
0.56 	 0.3413750834814097	0.1600	0.1200	0.1100	0.1025	0.0880	0.0560	0.0345
0.57 	 0.34503496312562815	0.1600	0.1200	0.1067	0.1050	0.0940	0.0570	0.0350
0.57 	 0.34510753942401917	0.1500	0.1300	0.1167	0.1050	0.0900	0.0570	0.0355
0.55 	 0.3399345602160699	0.1500	0.1250	0.1167	0.1100	0.0920	0.0550	0.0350
0.56 	 0.33615979047124084	0.1400	0.1300	0.1067	0.1025	0.0920	0.0560	0.0345
0.56 	 0.3458614542123039	0.1500	0.1400	0.1133	0.1075	0.0960	0.0560	0.0370
0.58 	 0.3573117160813324	0.1800	0.1300	0.1167	0.0975	0.0860	0.0580	0.0365
0.57 	 0.35274176044265154	0.1600	0.1350	0.1100	0.1100	0.0980	0.0570	0.0360
0.56 	 0.34420533579416135	0.1600	0.1300	0.1000	0.1000	0.0940	0.0560	0.0360
0.58 	 0.3574936093991862	0.1700	0.1350	0.1167	0.1000	0.0940	0.0580	0.0360
0.59 	 0.3563317441333503	0.1700	0.1250	0.1133	0.1000	0.0880	0.0590	0.0365
0.59 	 0.3473521043331602	0.1600	0.1200	0.1000	0.0950	0.0860	0.0590	0.0350
0.58 	 0.36066213038959455	0.1800	0.1350	0.1133	0.1050	0.0880	0.0580	0.0365
0.6 	 0.3587431647907506	0.1600	0.1350	0.1067	0.1125	0.0920	0.0600	0.0365
0.59 	 0.3619094865182626	0.1700	0.1400	0.1100	0.1025	0.0940	0.0590	0.0370
0.58 	 0.3618812433573565	0.1800	0.1450	0.1100	0.1000	0.0920	0.0580	0.0360
0.59 	 0.36293217857035787	0.1700	0.1500	0.1133	0.1000	0.0900	0.0590	0.0370
0.61 	 0.36987080647946075	0.1900	0.1300	0.1167	0.0975	0.0880	0.0610	0.0375
0.62 	 0.39437778516236544	0.2300	0.1450	0.1133	0.1050	0.0920	0.0620	0.0375
0.61 	 0.37578226397541187	0.1900	0.1450	0.1133	0.1025	0.0880	0.0610	0.0360
0.59 	 0.3841169835607941	0.2400	0.1350	0.1133	0.1025	0.0860	0.0590	0.0360
0.6 	 0.37068213133681366	0.1900	0.1350	0.1200	0.1025	0.0900	0.0600	0.0355
0.58 	 0.38610998184042844	0.2400	0.1500	0.1167	0.1050	0.0880	0.0580	0.0365
0.6 	 0.37214339143668895	0.2000	0.1400	0.1067	0.0975	0.0900	0.0600	0.0365
0.6 	 0.38119496890376026	0.2200	0.1400	0.1167	0.0975	0.0860	0.0600	0.0375
0.6 	 0.3870444068570897	0.2300	0.1500	0.1133	0.1025	0.0880	0.0600	0.0360
0.6 	 0.3787597221779104	0.2100	0.1450	0.1167	0.1000	0.0860	0.0600	0.0370
0.6 	 0.39895947125486836	0.2600	0.1500	0.1167	0.1000	0.0880	0.0600	0.0385
0.61 	 0.39112114402640585	0.2300	0.1500	0.1167	0.0975	0.0860	0.0610	0.0370
0.59 	 0.37819258688187773	0.2200	0.1350	0.1133	0.1025	0.0920	0.0590	0.0385
0.59 	 0.39016078308259977	0.2300	0.1500	0.1233	0.1075	0.0960	0.0590	0.0370
0.62 	 0.40511995018896	0.2500	0.1550	0.1133	0.1025	0.0960	0.0620	0.0360
0.62 	 0.4067569683766037	0.2500	0.1550	0.1233	0.1025	0.0960	0.0620	0.0375
0.62 	 0.3986544811970921	0.2300	0.1550	0.1200	0.1000	0.0980	0.0620	0.0385
0.61 	 0.3893431424393802	0.2200	0.1350	0.1167	0.1125	0.0980	0.0610	0.0380
0.61 	 0.4028922848215378	0.2500	0.1500	0.1167	0.1100	0.1000	0.0610	0.0380
0.61 	 0.3873288716156762	0.2100	0.1350	0.1233	0.1175	0.1020	0.0610	0.0375
0.6 	 0.40061098505059606	0.2500	0.1500	0.1133	0.1150	0.1020	0.0600	0.0375
0.61 	 0.3789364061568562	0.1900	0.1300	0.1300	0.1125	0.0960	0.0610	0.0385
0.6 	 0.39290428944397576	0.2200	0.1500	0.1267	0.1050	0.1040	0.0600	0.0385
0.6 	 0.4192037720733702	0.2700	0.1700	0.1300	0.1200	0.1020	0.0600	0.0395
0.6 	 0.40394663371525924	0.2400	0.1650	0.1300	0.1125	0.1020	0.0600	0.0385
0.61 	 0.38626066542388515	0.2100	0.1400	0.1233	0.1100	0.0960	0.0610	0.0395
0.58 	 0.3599773865478315	0.1800	0.1250	0.1167	0.1050	0.0960	0.0580	0.0375
0.62 	 0.3838686446700377	0.1900	0.1400	0.1200	0.1200	0.1020	0.0620	0.0380
0.6 	 0.3759385829539212	0.1800	0.1400	0.1267	0.1175	0.1000	0.0600	0.0380
0.6 	 0.38232698440520285	0.2100	0.1300	0.1233	0.1150	0.0980	0.0600	0.0385
0.59 	 0.380917737327621	0.2200	0.1350	0.1133	0.1050	0.0980	0.0590	0.0380
0.59 	 0.3767316334292334	0.2000	0.1300	0.1233	0.1150	0.1020	0.0590	0.0380
0.6 	 0.39152354819160984	0.2400	0.1400	0.1133	0.1025	0.0920	0.0600	0.0390
0.62 	 0.40140657549047676	0.2300	0.1500	0.1300	0.1100	0.0980	0.0620	0.0385
0.6 	 0.38938245663884624	0.2200	0.1400	0.1233	0.1150	0.0980	0.0600	0.0390
0.6 	 0.3929748545928509	0.2300	0.1450	0.1200	0.1100	0.1000	0.0600	0.0395
0.62 	 0.3809260544222186	0.2100	0.1200	0.1133	0.1050	0.0940	0.0620	0.0390
0.6 	 0.3804531105243967	0.2100	0.1350	0.1167	0.1100	0.0940	0.0600	0.0395
0.59 	 0.37667433673622236	0.2200	0.1350	0.1067	0.1000	0.0940	0.0590	0.0390
0.6 	 0.38673189783675965	0.2200	0.1350	0.1233	0.1150	0.0980	0.0600	0.0380
0.6 	 0.37989374033427226	0.2100	0.1350	0.1167	0.1100	0.0960	0.0600	0.0390
0.6 	 0.38955354292863825	0.2300	0.1400	0.1167	0.1100	0.0960	0.0600	0.0395
0.59 	 0.37382592456592456	0.2000	0.1400	0.1100	0.1125	0.0980	0.0590	0.0390
0.59 	 0.4031729107705289	0.2500	0.1650	0.1300	0.1075	0.0980	0.0590	0.0400
0.59 	 0.38323276003875983	0.2200	0.1300	0.1300	0.1125	0.0960	0.0590	0.0385
0.61 	 0.38597382022679605	0.2100	0.1400	0.1233	0.1100	0.0960	0.0610	0.0385
0.64 	 0.39532044556580076	0.2100	0.1400	0.1200	0.1050	0.0980	0.0640	0.0400
0.65 	 0.4057152708428843	0.2200	0.1500	0.1267	0.1075	0.1020	0.0650	0.0390
0.62 	 0.3820096253417903	0.2000	0.1350	0.1233	0.1000	0.0980	0.0620	0.0400
0.65 	 0.3997941815373439	0.2100	0.1450	0.1200	0.1100	0.1000	0.0650	0.0395
0.61 	 0.3924434245052101	0.2100	0.1550	0.1333	0.1125	0.0960	0.0610	0.0390
0.61 	 0.39398381321470927	0.2300	0.1450	0.1167	0.1100	0.0960	0.0610	0.0395
0.61 	 0.380763609741399	0.2100	0.1300	0.1133	0.1050	0.0980	0.0610	0.0385
0.6 	 0.3797119807250363	0.2100	0.1400	0.1167	0.1000	0.0920	0.0600	0.0400
0.59 	 0.37415897643109225	0.2000	0.1350	0.1167	0.1125	0.0960	0.0590	0.0385
0.61 	 0.39218404369901483	0.2300	0.1450	0.1167	0.1075	0.0940	0.0610	0.0380
0.61 	 0.3840462945525718	0.2100	0.1400	0.1167	0.1075	0.0980	0.0610	0.0385
0.59 	 0.3856880089107529	0.2200	0.1500	0.1200	0.1100	0.0960	0.0590	0.0395
0.6 	 0.3894988847351435	0.2200	0.1450	0.1233	0.1125	0.1020	0.0600	0.0380
0.59 	 0.38573806288302387	0.2200	0.1550	0.1167	0.1075	0.0940	0.0590	0.0395
0.59 	 0.3809734885640129	0.2200	0.1350	0.1200	0.1075	0.0960	0.0590	0.0390
0.6 	 0.39354273196112927	0.2300	0.1500	0.1267	0.1075	0.1000	0.0600	0.0395
0.61 	 0.3870325437193424	0.2100	0.1400	0.1267	0.1100	0.0980	0.0610	0.0400
0.64 	 0.40467178367599366	0.2200	0.1550	0.1233	0.1100	0.1000	0.0640	0.0400
0.61 	 0.3941815377296042	0.2200	0.1400	0.1333	0.1125	0.1000	0.0610	0.0395
0.61 	 0.3879848001980794	0.2200	0.1400	0.1200	0.1050	0.0960	0.0610	0.0405
0.61 	 0.38395304137074404	0.2100	0.1400	0.1167	0.1025	0.0960	0.0610	0.0395
0.62 	 0.3974024377931884	0.2300	0.1400	0.1233	0.1100	0.0980	0.0620	0.0390
0.59 	 0.3835379774306367	0.2200	0.1400	0.1200	0.1100	0.1000	0.0590	0.0385

Process finished with exit code 0
