/home/cn/anaconda3/envs/HGCL/bin/python3 /home/cn/lfy/HGCL-main/main.py --dataset Yelp --ssl_temp 0.5 --ssl_ureg 0.06 --ssl_ireg 0.07 --lr 0.058 --reg 0.05 --ssl_beta 0.45 --rank 3
2
Namespace(Layers=2, alpha=0.5, batch=8192, dataset='Yelp', decay=0.97, epochs=100, gcn_act='prelu', graphSampleSeed=5000, hide_dim=32, layer_dim='[32]', lr=0.058, metareg=0.15, minlr=0.0001, patience=5, permute=1, rank=3, reg=0.05, seed=4, ssl_beta=0.45, ssl_iSamp=512, ssl_ineg=0.035, ssl_ireg=0.07, ssl_reg=0.02, ssl_temp=0.5, ssl_uSamp=512, ssl_uneg=0.045, ssl_ureg=0.06, tau_inst=6, topk=20, wi1=0.8, wi2=0.2, wu1=0.8, wu2=0.2)
ModelName = SR-HAN_Yelp_1713098885_hide_dim_32_lr_0.058_reg_0.05_topK_20-ssl_ureg_0.06-ssl_ireg_0.07
0.16 	 0.08366565297552589	0.0300	0.0250	0.0233	0.0200	0.0180	0.0160	0.0175
0.24 	 0.1381466555599699	0.0700	0.0400	0.0400	0.0375	0.0300	0.0240	0.0190
0.29 	 0.16862085162556398	0.1000	0.0500	0.0367	0.0400	0.0360	0.0290	0.0215
0.31 	 0.1802568440255676	0.0900	0.0500	0.0500	0.0475	0.0440	0.0310	0.0220
0.35 	 0.21080110039684005	0.1100	0.0650	0.0533	0.0550	0.0600	0.0350	0.0230
0.38 	 0.2577922980291261	0.1600	0.1050	0.0767	0.0675	0.0660	0.0380	0.0265
0.39 	 0.2621301906117409	0.1600	0.1000	0.0833	0.0725	0.0640	0.0390	0.0300
0.44 	 0.2877285356421706	0.1700	0.1100	0.0933	0.0775	0.0660	0.0440	0.0315
0.49 	 0.35722003582053274	0.2700	0.1450	0.1067	0.0925	0.0740	0.0490	0.0325
0.5 	 0.35729542402165015	0.2600	0.1400	0.1100	0.0900	0.0780	0.0500	0.0315
0.55 	 0.39128294198230984	0.2900	0.1550	0.1167	0.0950	0.0800	0.0550	0.0335
0.57 	 0.40791868086775396	0.3000	0.1600	0.1233	0.1025	0.0900	0.0570	0.0345
0.59 	 0.42809536277831084	0.3300	0.1700	0.1233	0.1050	0.0880	0.0590	0.0345
0.59 	 0.42528828784544565	0.3100	0.1700	0.1333	0.1075	0.0960	0.0590	0.0345
0.57 	 0.4233197882648056	0.3000	0.1850	0.1367	0.1175	0.1000	0.0570	0.0350
0.58 	 0.4435578855542689	0.3200	0.1950	0.1533	0.1250	0.1040	0.0580	0.0340
0.6 	 0.4508377290309923	0.3200	0.1950	0.1567	0.1275	0.1060	0.0600	0.0350
0.62 	 0.47303615776957847	0.3500	0.2050	0.1667	0.1275	0.1060	0.0620	0.0355
0.61 	 0.4689190830030407	0.3500	0.2050	0.1633	0.1250	0.1060	0.0610	0.0355
0.59 	 0.48143704846328395	0.3800	0.2300	0.1667	0.1275	0.1040	0.0590	0.0375
0.62 	 0.49982496710686647	0.4000	0.2350	0.1667	0.1300	0.1040	0.0620	0.0375
0.63 	 0.4994291852950647	0.3900	0.2300	0.1700	0.1300	0.1080	0.0630	0.0365
0.63 	 0.4961759342649973	0.3800	0.2300	0.1667	0.1300	0.1060	0.0630	0.0395
0.63 	 0.49785895419237747	0.3800	0.2300	0.1733	0.1300	0.1080	0.0630	0.0395
0.66 	 0.5089981662103881	0.3800	0.2300	0.1733	0.1350	0.1140	0.0660	0.0390
0.64 	 0.524926371899256	0.4200	0.2500	0.1800	0.1350	0.1140	0.0640	0.0390
0.66 	 0.527107281450986	0.4200	0.2400	0.1733	0.1325	0.1120	0.0660	0.0400
0.65 	 0.5385580414915263	0.4400	0.2550	0.1833	0.1375	0.1160	0.0650	0.0385
0.65 	 0.5290622658881154	0.4200	0.2450	0.1767	0.1400	0.1200	0.0650	0.0390
0.67 	 0.5358971417549796	0.4200	0.2450	0.1833	0.1425	0.1160	0.0670	0.0385
0.66 	 0.5448509185112705	0.4500	0.2500	0.1833	0.1425	0.1160	0.0660	0.0395
0.67 	 0.5486900374965671	0.4500	0.2500	0.1800	0.1425	0.1200	0.0670	0.0390
0.67 	 0.5488390735830202	0.4500	0.2500	0.1867	0.1400	0.1180	0.0670	0.0390
0.66 	 0.5450546955237345	0.4500	0.2500	0.1800	0.1400	0.1180	0.0660	0.0390
0.68 	 0.5520862320197352	0.4500	0.2500	0.1867	0.1400	0.1200	0.0680	0.0385
0.67 	 0.554303594158596	0.4500	0.2550	0.1933	0.1475	0.1220	0.0670	0.0385
0.68 	 0.5515295581321416	0.4400	0.2600	0.1867	0.1425	0.1180	0.0680	0.0385
0.69 	 0.5739053248787472	0.4800	0.2650	0.1900	0.1475	0.1240	0.0690	0.0390
0.68 	 0.5658751070289	0.4600	0.2700	0.1933	0.1475	0.1240	0.0680	0.0380
0.65 	 0.5535885242339087	0.4700	0.2600	0.1867	0.1425	0.1200	0.0650	0.0370
0.67 	 0.5673716727006034	0.4700	0.2750	0.1967	0.1500	0.1220	0.0670	0.0385
0.66 	 0.5573190474840731	0.4600	0.2700	0.1900	0.1450	0.1200	0.0660	0.0385
0.67 	 0.569336675626207	0.4700	0.2750	0.2000	0.1525	0.1240	0.0670	0.0390
0.65 	 0.5819535309298236	0.5200	0.2800	0.1967	0.1525	0.1240	0.0650	0.0380
0.67 	 0.5870116375891657	0.5300	0.2750	0.1900	0.1475	0.1200	0.0670	0.0375
0.65 	 0.5785514588327163	0.5200	0.2750	0.1933	0.1500	0.1200	0.0650	0.0385
0.66 	 0.5781350568297491	0.5100	0.2750	0.1933	0.1500	0.1200	0.0660	0.0385
0.64 	 0.5719614361742342	0.5000	0.2850	0.2000	0.1500	0.1200	0.0640	0.0385
0.67 	 0.588866299383836	0.5200	0.2800	0.2000	0.1550	0.1240	0.0670	0.0375
0.65 	 0.5806393067268992	0.5100	0.2800	0.2033	0.1550	0.1240	0.0650	0.0375
0.66 	 0.5838707469456018	0.5200	0.2800	0.1967	0.1500	0.1220	0.0660	0.0380
0.65 	 0.5953515353171372	0.5400	0.2950	0.2033	0.1550	0.1240	0.0650	0.0385
0.66 	 0.6052662193779349	0.5600	0.3000	0.2000	0.1525	0.1220	0.0660	0.0385
0.66 	 0.575796107597765	0.5000	0.2800	0.1933	0.1500	0.1220	0.0660	0.0380
0.65 	 0.5836589809125148	0.5300	0.2800	0.1933	0.1475	0.1220	0.0650	0.0385
0.66 	 0.5893089844539904	0.5300	0.2850	0.1967	0.1525	0.1220	0.0660	0.0375
0.66 	 0.5915460405713437	0.5500	0.2800	0.1900	0.1475	0.1180	0.0660	0.0375
0.66 	 0.6029491538405611	0.5500	0.2950	0.2067	0.1550	0.1240	0.0660	0.0380
0.66 	 0.587531825624921	0.5300	0.2850	0.1967	0.1475	0.1180	0.0660	0.0385
0.67 	 0.5886839424377976	0.5300	0.2800	0.1933	0.1475	0.1180	0.0670	0.0380
0.66 	 0.596673333101689	0.5400	0.2900	0.2033	0.1525	0.1240	0.0660	0.0380
0.66 	 0.5892709763191696	0.5300	0.2850	0.1967	0.1500	0.1200	0.0660	0.0375
0.66 	 0.6001218705667174	0.5500	0.2950	0.2000	0.1525	0.1220	0.0660	0.0375
0.66 	 0.5868430387674208	0.5300	0.2850	0.1933	0.1450	0.1180	0.0660	0.0375
0.65 	 0.5906954532925226	0.5400	0.2900	0.2000	0.1500	0.1200	0.0650	0.0375
0.65 	 0.5855374136122685	0.5300	0.2850	0.1967	0.1500	0.1220	0.0650	0.0375
0.66 	 0.5906020846662489	0.5300	0.2900	0.2000	0.1500	0.1200	0.0660	0.0370
0.64 	 0.5815197409832009	0.5300	0.2850	0.1933	0.1450	0.1220	0.0640	0.0380
0.65 	 0.5823269252475146	0.5200	0.2900	0.1967	0.1475	0.1200	0.0650	0.0375
0.65 	 0.5857089044480894	0.5300	0.2850	0.1967	0.1500	0.1200	0.0650	0.0380
0.66 	 0.5966643542019449	0.5400	0.2950	0.2000	0.1500	0.1220	0.0660	0.0380
0.64 	 0.590350344696938	0.5500	0.2900	0.1933	0.1475	0.1220	0.0640	0.0375
0.66 	 0.5926502866981826	0.5500	0.2850	0.1900	0.1425	0.1180	0.0660	0.0375
0.65 	 0.5956874006054512	0.5400	0.3000	0.2033	0.1525	0.1220	0.0650	0.0370
0.66 	 0.5935643579995936	0.5300	0.2950	0.2000	0.1525	0.1240	0.0660	0.0375
0.65 	 0.5844921165812325	0.5300	0.2800	0.1967	0.1500	0.1220	0.0650	0.0370
0.65 	 0.587779248954171	0.5300	0.2900	0.2000	0.1500	0.1220	0.0650	0.0375
0.64 	 0.5803858710713958	0.5300	0.2850	0.1933	0.1475	0.1180	0.0640	0.0370
0.66 	 0.6007169571351607	0.5600	0.2900	0.1967	0.1500	0.1200	0.0660	0.0375
0.66 	 0.5880007042783663	0.5300	0.2850	0.1900	0.1450	0.1220	0.0660	0.0370
0.65 	 0.5884939872160753	0.5400	0.2850	0.1967	0.1475	0.1200	0.0650	0.0370
0.66 	 0.5894022693040517	0.5400	0.2850	0.1900	0.1425	0.1180	0.0660	0.0370
0.66 	 0.5897968604956543	0.5400	0.2800	0.1900	0.1450	0.1200	0.0660	0.0375
0.67 	 0.5994321574965443	0.5500	0.2850	0.1967	0.1500	0.1220	0.0670	0.0370
0.66 	 0.5960855131461468	0.5500	0.2900	0.1933	0.1450	0.1180	0.0660	0.0370
0.66 	 0.5944115798665791	0.5400	0.2950	0.1967	0.1475	0.1200	0.0660	0.0370
0.67 	 0.593654054245305	0.5300	0.2850	0.2000	0.1500	0.1220	0.0670	0.0370
0.66 	 0.5952286903485579	0.5500	0.2850	0.1933	0.1500	0.1200	0.0660	0.0370
0.66 	 0.5962432402296853	0.5400	0.2950	0.1967	0.1500	0.1240	0.0660	0.0370
0.65 	 0.5929951555802975	0.5500	0.2900	0.1933	0.1475	0.1200	0.0650	0.0375
0.65 	 0.5900782242499314	0.5500	0.2850	0.1900	0.1450	0.1180	0.0650	0.0375
0.66 	 0.5968136296803721	0.5500	0.2900	0.1933	0.1475	0.1220	0.0660	0.0365
0.64 	 0.5846254591437299	0.5400	0.2850	0.1967	0.1475	0.1180	0.0640	0.0365
0.65 	 0.5940972184209034	0.5500	0.2900	0.1933	0.1500	0.1220	0.0650	0.0360
0.66 	 0.5988885784076777	0.5600	0.2850	0.1933	0.1475	0.1200	0.0660	0.0370
0.65 	 0.589767758377332	0.5500	0.2850	0.1900	0.1425	0.1200	0.0650	0.0360
0.66 	 0.5978941214230828	0.5600	0.2850	0.1933	0.1475	0.1200	0.0660	0.0360
0.65 	 0.5922655580577971	0.5500	0.2900	0.1933	0.1475	0.1180	0.0650	0.0375
0.66 	 0.6051478219711215	0.5700	0.2900	0.1967	0.1500	0.1220	0.0660	0.0370
0.66 	 0.591787678275968	0.5300	0.2900	0.2000	0.1525	0.1240	0.0660	0.0365
0.66 	 0.5936933166667733	0.5500	0.2800	0.1933	0.1475	0.1220	0.0660	0.0365

Process finished with exit code 0
