/home/cn/anaconda3/envs/HGCL/bin/python3 /home/cn/lfy/HGCL-main/main.py --dataset Yelp --ssl_temp 0.5 --ssl_ureg 0.06 --ssl_ireg 0.07 --lr 0.058 --reg 0.05 --ssl_beta 0.45 --rank 3
2
Namespace(Layers=2, alpha=0.5, batch=8192, dataset='Yelp', decay=0.97, epochs=100, gcn_act='prelu', graphSampleSeed=5000, hide_dim=32, layer_dim='[32]', lr=0.058, metareg=0.15, minlr=0.0001, patience=5, permute=1, rank=3, reg=0.05, seed=4, ssl_beta=0.45, ssl_iSamp=512, ssl_ineg=0.035, ssl_ireg=0.07, ssl_reg=0.02, ssl_temp=0.5, ssl_uSamp=512, ssl_uneg=0.015, ssl_ureg=0.06, tau_inst=6, topk=20, wi1=0.8, wi2=0.2, wu1=0.8, wu2=0.2)
ModelName = SR-HAN_Yelp_1713098622_hide_dim_32_lr_0.058_reg_0.05_topK_20-ssl_ureg_0.06-ssl_ireg_0.07
0.15 	 0.07966534359605715	0.0300	0.0250	0.0233	0.0175	0.0180	0.0150	0.0180
0.23 	 0.13439751477355913	0.0700	0.0400	0.0367	0.0350	0.0300	0.0230	0.0200
0.28 	 0.16955861568383482	0.1000	0.0500	0.0433	0.0425	0.0360	0.0280	0.0215
0.32 	 0.19748170686281027	0.1000	0.0650	0.0667	0.0575	0.0500	0.0320	0.0230
0.36 	 0.2213679684984338	0.1200	0.0650	0.0600	0.0625	0.0640	0.0360	0.0235
0.4 	 0.2731329590629447	0.1700	0.1150	0.0867	0.0750	0.0660	0.0400	0.0275
0.43 	 0.28499310230042674	0.1700	0.1150	0.0900	0.0775	0.0680	0.0430	0.0300
0.44 	 0.3018228754530597	0.2000	0.1150	0.0933	0.0800	0.0700	0.0440	0.0315
0.5 	 0.3599595582483273	0.2700	0.1450	0.1067	0.0900	0.0740	0.0500	0.0325
0.48 	 0.35841316251906796	0.2700	0.1450	0.1100	0.0975	0.0800	0.0480	0.0325
0.55 	 0.39654434735056826	0.2900	0.1650	0.1200	0.1000	0.0820	0.0550	0.0345
0.58 	 0.4092481016220464	0.2900	0.1600	0.1233	0.1050	0.0900	0.0580	0.0360
0.59 	 0.4248800786680522	0.3100	0.1700	0.1300	0.1050	0.0940	0.0590	0.0350
0.62 	 0.4391977103590037	0.3100	0.1700	0.1367	0.1150	0.1040	0.0620	0.0360
0.59 	 0.43192095042063694	0.2900	0.1900	0.1500	0.1200	0.1040	0.0590	0.0355
0.6 	 0.4502341908574376	0.3300	0.1900	0.1500	0.1225	0.1020	0.0600	0.0355
0.62 	 0.4498038585934598	0.3000	0.1900	0.1633	0.1250	0.1040	0.0620	0.0375
0.61 	 0.4732195138115353	0.3600	0.2050	0.1633	0.1275	0.1040	0.0610	0.0370
0.6 	 0.47996445291732237	0.3700	0.2150	0.1700	0.1300	0.1080	0.0600	0.0370
0.64 	 0.4883044526856781	0.3600	0.2250	0.1633	0.1250	0.1060	0.0640	0.0390
0.66 	 0.5127320358860156	0.3900	0.2400	0.1733	0.1300	0.1080	0.0660	0.0395
0.63 	 0.49609913359735464	0.3800	0.2250	0.1667	0.1300	0.1120	0.0630	0.0390
0.64 	 0.5016552221518559	0.3800	0.2300	0.1733	0.1325	0.1080	0.0640	0.0395
0.66 	 0.5126839420074637	0.3900	0.2350	0.1733	0.1325	0.1100	0.0660	0.0395
0.66 	 0.5148563943260936	0.3900	0.2350	0.1733	0.1350	0.1160	0.0660	0.0400
0.67 	 0.5212271696406701	0.3900	0.2350	0.1800	0.1400	0.1180	0.0670	0.0400
0.66 	 0.5261285426844035	0.4100	0.2450	0.1767	0.1350	0.1140	0.0660	0.0400
0.67 	 0.5301163271209783	0.4100	0.2450	0.1800	0.1375	0.1140	0.0670	0.0390
0.66 	 0.5201494969490942	0.4000	0.2350	0.1733	0.1375	0.1160	0.0660	0.0405
0.66 	 0.526344780973313	0.4000	0.2500	0.1800	0.1400	0.1160	0.0660	0.0405
0.66 	 0.535492074074707	0.4300	0.2450	0.1767	0.1400	0.1180	0.0660	0.0410
0.67 	 0.5405049059863275	0.4300	0.2500	0.1800	0.1400	0.1180	0.0670	0.0395
0.67 	 0.5406917104941317	0.4300	0.2500	0.1800	0.1400	0.1200	0.0670	0.0405
0.67 	 0.5383146858720699	0.4300	0.2450	0.1800	0.1375	0.1180	0.0670	0.0405
0.67 	 0.540755455335439	0.4300	0.2500	0.1833	0.1400	0.1180	0.0670	0.0400
0.67 	 0.5371558544349818	0.4200	0.2400	0.1867	0.1450	0.1220	0.0670	0.0410
0.68 	 0.552247968774608	0.4400	0.2550	0.1900	0.1475	0.1220	0.0680	0.0400
0.68 	 0.5611892934712506	0.4600	0.2550	0.1933	0.1475	0.1200	0.0680	0.0405
0.68 	 0.5441647940454473	0.4300	0.2450	0.1833	0.1400	0.1200	0.0680	0.0405
0.66 	 0.5468150624794581	0.4400	0.2550	0.1900	0.1475	0.1220	0.0660	0.0395
0.69 	 0.5661616241520144	0.4500	0.2750	0.1933	0.1475	0.1220	0.0690	0.0395
0.66 	 0.5612624797967907	0.4700	0.2650	0.1933	0.1450	0.1220	0.0660	0.0400
0.67 	 0.553848077176821	0.4500	0.2500	0.1933	0.1500	0.1240	0.0670	0.0400
0.67 	 0.5526080731804827	0.4500	0.2500	0.1900	0.1450	0.1220	0.0670	0.0400
0.67 	 0.5611165697301991	0.4600	0.2600	0.1933	0.1500	0.1240	0.0670	0.0395
0.68 	 0.5699934821523989	0.4700	0.2700	0.1933	0.1500	0.1240	0.0680	0.0400
0.67 	 0.5585868063190765	0.4500	0.2650	0.1933	0.1475	0.1280	0.0670	0.0400
0.66 	 0.5501512821191832	0.4400	0.2600	0.1900	0.1500	0.1240	0.0660	0.0395
0.68 	 0.5586117678443593	0.4400	0.2650	0.1967	0.1500	0.1260	0.0680	0.0400
0.67 	 0.5687287571461433	0.4600	0.2750	0.2033	0.1575	0.1280	0.0670	0.0400
0.66 	 0.565534909623266	0.4700	0.2700	0.1967	0.1500	0.1260	0.0660	0.0395
0.67 	 0.5720603781926332	0.4800	0.2750	0.1933	0.1500	0.1220	0.0670	0.0395
0.68 	 0.5813732363667197	0.4900	0.2750	0.2000	0.1550	0.1260	0.0680	0.0395
0.68 	 0.5588664577865103	0.4500	0.2600	0.1900	0.1450	0.1240	0.0680	0.0395
0.67 	 0.579999647628997	0.5000	0.2700	0.2000	0.1525	0.1240	0.0670	0.0395
0.67 	 0.5800080992341085	0.4900	0.2850	0.2000	0.1525	0.1240	0.0670	0.0395
0.67 	 0.5801881891177012	0.4900	0.2800	0.2000	0.1575	0.1280	0.0670	0.0395
0.67 	 0.5768114738751082	0.4900	0.2750	0.1967	0.1550	0.1240	0.0670	0.0390
0.67 	 0.5762196442482316	0.4900	0.2750	0.1933	0.1500	0.1260	0.0670	0.0395
0.67 	 0.5870082968713867	0.5100	0.2800	0.2033	0.1550	0.1240	0.0670	0.0390
0.67 	 0.5865228916971192	0.5100	0.2800	0.2000	0.1525	0.1240	0.0670	0.0395
0.67 	 0.5967734410462308	0.5300	0.2900	0.2033	0.1525	0.1240	0.0670	0.0400
0.66 	 0.600634708133664	0.5500	0.2900	0.2033	0.1525	0.1220	0.0660	0.0395
0.68 	 0.5822747791364281	0.5000	0.2700	0.1967	0.1525	0.1260	0.0680	0.0395
0.68 	 0.6016587160199797	0.5400	0.2850	0.2000	0.1525	0.1260	0.0680	0.0395
0.67 	 0.5908947827432206	0.5200	0.2750	0.2067	0.1575	0.1280	0.0670	0.0395
0.68 	 0.5922233198460405	0.5200	0.2800	0.2000	0.1500	0.1240	0.0680	0.0395
0.67 	 0.5969384347426703	0.5300	0.2900	0.2000	0.1525	0.1260	0.0670	0.0390
0.67 	 0.5976761744361384	0.5300	0.2900	0.2067	0.1550	0.1240	0.0670	0.0390
0.67 	 0.5903235343351179	0.5100	0.2900	0.2033	0.1550	0.1280	0.0670	0.0390
0.67 	 0.5917568638708025	0.5200	0.2850	0.2033	0.1525	0.1260	0.0670	0.0390
0.65 	 0.5847924801891451	0.5200	0.2850	0.1967	0.1525	0.1260	0.0650	0.0395
0.68 	 0.6108732789005825	0.5500	0.3000	0.2067	0.1550	0.1260	0.0680	0.0385
0.68 	 0.6064084736395946	0.5400	0.2950	0.2067	0.1550	0.1280	0.0680	0.0390
0.67 	 0.6006431597387754	0.5300	0.3000	0.2067	0.1550	0.1240	0.0670	0.0390
0.66 	 0.5915103667542253	0.5200	0.2900	0.2067	0.1550	0.1260	0.0660	0.0390
0.66 	 0.5990695972908562	0.5400	0.2950	0.2033	0.1525	0.1260	0.0660	0.0385
0.68 	 0.5976753154787224	0.5200	0.2900	0.2067	0.1550	0.1260	0.0680	0.0395
0.67 	 0.6142231894093443	0.5600	0.3050	0.2100	0.1575	0.1260	0.0670	0.0400
0.68 	 0.6018668769277613	0.5300	0.2950	0.2033	0.1525	0.1260	0.0680	0.0390
0.67 	 0.5966890513197014	0.5300	0.2900	0.2033	0.1525	0.1240	0.0670	0.0390
0.67 	 0.593653195287889	0.5200	0.2900	0.2033	0.1525	0.1260	0.0670	0.0390
0.67 	 0.598533543594428	0.5300	0.2950	0.2033	0.1525	0.1260	0.0670	0.0400
0.67 	 0.602079897247496	0.5400	0.2950	0.2033	0.1525	0.1260	0.0670	0.0390
0.66 	 0.6040695972908562	0.5500	0.3000	0.2033	0.1525	0.1260	0.0660	0.0390
0.67 	 0.593533543594428	0.5200	0.2900	0.2033	0.1525	0.1260	0.0670	0.0390
0.68 	 0.606672474144273	0.5400	0.2950	0.2067	0.1550	0.1280	0.0680	0.0390
0.67 	 0.5953384794908019	0.5300	0.2850	0.2033	0.1525	0.1260	0.0670	0.0385
0.67 	 0.6050223846530346	0.5500	0.3000	0.2000	0.1500	0.1220	0.0670	0.0390
0.66 	 0.5918395174183279	0.5200	0.2900	0.2067	0.1575	0.1260	0.0660	0.0385
0.67 	 0.5916282332775973	0.5200	0.2900	0.2000	0.1500	0.1240	0.0670	0.0385
0.67 	 0.5987474901268355	0.5300	0.2950	0.2033	0.1525	0.1260	0.0670	0.0390
0.66 	 0.5988827927830519	0.5400	0.2950	0.2033	0.1525	0.1240	0.0660	0.0370
0.66 	 0.5985696645187756	0.5400	0.2950	0.2033	0.1525	0.1240	0.0660	0.0385
0.66 	 0.606902071639436	0.5600	0.3000	0.2033	0.1525	0.1240	0.0660	0.0390
0.67 	 0.5931022823308646	0.5300	0.2850	0.2000	0.1500	0.1220	0.0670	0.0385
0.66 	 0.6121826493195427	0.5700	0.3050	0.2033	0.1525	0.1220	0.0660	0.0390
0.66 	 0.603763141089591	0.5500	0.3000	0.2033	0.1525	0.1240	0.0660	0.0390
0.67 	 0.6096708011467085	0.5600	0.2950	0.2033	0.1550	0.1260	0.0670	0.0380
0.66 	 0.5901501562888238	0.5200	0.2900	0.2033	0.1525	0.1260	0.0660	0.0385
0.67 	 0.6019955075209665	0.5400	0.2950	0.2033	0.1525	0.1260	0.0670	0.0385

Process finished with exit code 0
