/home/cn/anaconda3/envs/HGCL/bin/python3 /home/cn/lfy/HGCL-main/main.py --dataset Yelp --ssl_temp 0.5 --ssl_ureg 0.06 --ssl_ireg 0.07 --lr 0.058 --reg 0.05 --ssl_beta 0.45 --rank 3
2
Namespace(Layers=2, alpha=0.5, batch=8192, dataset='Yelp', decay=0.97, epochs=100, gcn_act='prelu', graphSampleSeed=5000, hide_dim=32, layer_dim='[32]', lr=0.058, metareg=0.15, minlr=0.0001, patience=5, permute=1, rank=3, reg=0.05, seed=4, ssl_beta=0.45, ssl_iSamp=512, ssl_ineg=0.045, ssl_ireg=0.07, ssl_reg=0.02, ssl_temp=0.5, ssl_uSamp=512, ssl_uneg=0.045, ssl_ureg=0.06, tau_inst=6, topk=20, wi1=0.8, wi2=0.2, wu1=0.8, wu2=0.2)
ModelName = SR-HAN_Yelp_1713099044_hide_dim_32_lr_0.058_reg_0.05_topK_20-ssl_ureg_0.06-ssl_ireg_0.07
0.15 	 0.08010358110444567	0.0300	0.0250	0.0233	0.0200	0.0180	0.0150	0.0175
0.24 	 0.13647998889330326	0.0700	0.0400	0.0367	0.0350	0.0280	0.0240	0.0190
0.29 	 0.16868748277326315	0.1000	0.0500	0.0367	0.0400	0.0340	0.0290	0.0215
0.31 	 0.17990299624370845	0.0900	0.0500	0.0500	0.0450	0.0440	0.0310	0.0220
0.35 	 0.21046750217097154	0.1100	0.0650	0.0533	0.0550	0.0600	0.0350	0.0230
0.38 	 0.2572571032901141	0.1600	0.1050	0.0767	0.0675	0.0640	0.0380	0.0260
0.39 	 0.2619984093046176	0.1600	0.1000	0.0833	0.0700	0.0660	0.0390	0.0295
0.44 	 0.287519036671529	0.1700	0.1100	0.0933	0.0750	0.0660	0.0440	0.0315
0.5 	 0.3514781555340252	0.2500	0.1450	0.1033	0.0900	0.0740	0.0500	0.0325
0.5 	 0.3474869404987466	0.2400	0.1350	0.1100	0.0875	0.0760	0.0500	0.0320
0.55 	 0.38736350098027755	0.2800	0.1550	0.1167	0.0950	0.0800	0.0550	0.0335
0.57 	 0.40291868086775395	0.2900	0.1550	0.1233	0.1025	0.0900	0.0570	0.0340
0.59 	 0.4286398008245935	0.3300	0.1700	0.1267	0.1075	0.0880	0.0590	0.0340
0.58 	 0.4256622341518261	0.3200	0.1700	0.1333	0.1075	0.0940	0.0580	0.0335
0.57 	 0.4220104907290909	0.3000	0.1800	0.1367	0.1175	0.1000	0.0570	0.0350
0.58 	 0.44587495109164266	0.3300	0.2000	0.1467	0.1225	0.1020	0.0580	0.0335
0.6 	 0.4508377290309923	0.3200	0.1950	0.1567	0.1275	0.1060	0.0600	0.0355
0.62 	 0.46731822623255587	0.3400	0.2000	0.1633	0.1275	0.1060	0.0620	0.0350
0.61 	 0.46767407666933414	0.3500	0.2050	0.1600	0.1250	0.1060	0.0610	0.0355
0.6 	 0.47944734841992376	0.3700	0.2250	0.1667	0.1275	0.1040	0.0600	0.0370
0.61 	 0.49193431884368755	0.3900	0.2300	0.1667	0.1300	0.1040	0.0610	0.0375
0.63 	 0.49948821816707983	0.3900	0.2300	0.1700	0.1300	0.1080	0.0630	0.0365
0.63 	 0.5037351648016282	0.4000	0.2350	0.1633	0.1275	0.1060	0.0630	0.0395
0.65 	 0.5031237407712263	0.3800	0.2300	0.1733	0.1300	0.1080	0.0650	0.0395
0.66 	 0.5093849444283889	0.3800	0.2300	0.1767	0.1350	0.1120	0.0660	0.0390
0.64 	 0.524926371899256	0.4200	0.2500	0.1800	0.1350	0.1140	0.0640	0.0390
0.66 	 0.5207470709855846	0.4100	0.2350	0.1700	0.1300	0.1120	0.0660	0.0390
0.65 	 0.5393745999848156	0.4400	0.2600	0.1833	0.1375	0.1160	0.0650	0.0380
0.66 	 0.5317241756135475	0.4200	0.2450	0.1767	0.1400	0.1200	0.0660	0.0390
0.67 	 0.529994408365072	0.4100	0.2400	0.1800	0.1400	0.1160	0.0670	0.0385
0.66 	 0.5446221799735236	0.4500	0.2500	0.1833	0.1425	0.1160	0.0660	0.0395
0.67 	 0.5497018577307607	0.4500	0.2500	0.1833	0.1450	0.1200	0.0670	0.0390
0.67 	 0.549067812120767	0.4500	0.2500	0.1867	0.1400	0.1180	0.0670	0.0390
0.66 	 0.5442211645257855	0.4500	0.2500	0.1800	0.1400	0.1160	0.0660	0.0390
0.66 	 0.5461852837999165	0.4500	0.2500	0.1867	0.1400	0.1200	0.0660	0.0390
0.67 	 0.5581811011306858	0.4600	0.2550	0.1933	0.1475	0.1240	0.0670	0.0390
0.67 	 0.5485192581755017	0.4400	0.2600	0.1867	0.1425	0.1180	0.0670	0.0385
0.7 	 0.574512384401395	0.4800	0.2650	0.1867	0.1425	0.1220	0.0700	0.0385
0.68 	 0.5658751070289	0.4600	0.2700	0.1933	0.1475	0.1240	0.0680	0.0375
0.64 	 0.5480189937406379	0.4600	0.2600	0.1900	0.1450	0.1200	0.0640	0.0370
0.66 	 0.5644810244374245	0.4700	0.2750	0.1967	0.1500	0.1220	0.0660	0.0385
0.66 	 0.5637569756129929	0.4700	0.2750	0.1933	0.1475	0.1220	0.0660	0.0385
0.67 	 0.568647888768707	0.4700	0.2750	0.1967	0.1500	0.1240	0.0670	0.0385
0.66 	 0.5837127072653479	0.5200	0.2800	0.1933	0.1500	0.1240	0.0660	0.0380
0.67 	 0.5897588632538002	0.5300	0.2800	0.1933	0.1500	0.1220	0.0670	0.0375
0.66 	 0.5915707376891004	0.5400	0.2800	0.1967	0.1525	0.1220	0.0660	0.0385
0.66 	 0.5801375887847297	0.5100	0.2800	0.1967	0.1500	0.1200	0.0660	0.0375
0.65 	 0.577233489365984	0.5100	0.2800	0.2000	0.1500	0.1200	0.0650	0.0385
0.67 	 0.5901241376291629	0.5200	0.2850	0.2033	0.1525	0.1220	0.0670	0.0375
0.65 	 0.5797173337698862	0.5100	0.2800	0.2000	0.1550	0.1240	0.0650	0.0375
0.65 	 0.5854449039434109	0.5300	0.2850	0.1967	0.1500	0.1200	0.0650	0.0380
0.65 	 0.5882046545509392	0.5300	0.2850	0.2000	0.1550	0.1240	0.0650	0.0375
0.67 	 0.6080372159476528	0.5600	0.3000	0.2000	0.1525	0.1220	0.0670	0.0385
0.66 	 0.5785133778146497	0.5100	0.2800	0.1933	0.1475	0.1200	0.0660	0.0380
0.65 	 0.5833606446535778	0.5300	0.2800	0.1933	0.1475	0.1220	0.0650	0.0380
0.66 	 0.5893089844539904	0.5300	0.2850	0.1967	0.1525	0.1220	0.0660	0.0370
0.66 	 0.5952367430356292	0.5600	0.2800	0.1900	0.1475	0.1180	0.0660	0.0380
0.67 	 0.6052662193779349	0.5500	0.2950	0.2033	0.1550	0.1240	0.0670	0.0380
0.66 	 0.5962225280892064	0.5500	0.2900	0.1967	0.1475	0.1180	0.0660	0.0380
0.67 	 0.5877311550756191	0.5300	0.2800	0.1900	0.1450	0.1180	0.0670	0.0380
0.66 	 0.5952286903485579	0.5400	0.2850	0.2000	0.1550	0.1240	0.0660	0.0380
0.65 	 0.5858224388541413	0.5300	0.2850	0.1967	0.1475	0.1200	0.0650	0.0370
0.66 	 0.5985514588327162	0.5500	0.2900	0.1967	0.1525	0.1220	0.0660	0.0375
0.65 	 0.5831613152028797	0.5300	0.2850	0.1933	0.1450	0.1180	0.0650	0.0370
0.65 	 0.5886929213375419	0.5400	0.2850	0.1967	0.1500	0.1200	0.0650	0.0375
0.65 	 0.5851218705667174	0.5300	0.2850	0.1967	0.1500	0.1200	0.0650	0.0370
0.66 	 0.5934208681457922	0.5400	0.2900	0.1967	0.1500	0.1200	0.0660	0.0370
0.64 	 0.5852104434474864	0.5400	0.2850	0.1933	0.1450	0.1220	0.0640	0.0375
0.65 	 0.5847083301760854	0.5300	0.2850	0.1967	0.1475	0.1200	0.0650	0.0375
0.65 	 0.5857089044480894	0.5300	0.2850	0.1967	0.1500	0.1200	0.0650	0.0380
0.66 	 0.5945421705535032	0.5400	0.2900	0.1967	0.1500	0.1220	0.0660	0.0380
0.65 	 0.5933606446535777	0.5500	0.2900	0.1933	0.1475	0.1220	0.0650	0.0375
0.65 	 0.5897596384350038	0.5500	0.2850	0.1900	0.1425	0.1180	0.0650	0.0370
0.65 	 0.5945559286777966	0.5400	0.3000	0.2000	0.1500	0.1220	0.0650	0.0370
0.66 	 0.5948142910005099	0.5400	0.2900	0.1967	0.1500	0.1240	0.0660	0.0375
0.65 	 0.5846708011467086	0.5300	0.2800	0.1967	0.1500	0.1220	0.0650	0.0375
0.65 	 0.5914699514184565	0.5400	0.2900	0.2000	0.1500	0.1220	0.0650	0.0380
0.65 	 0.5868475701053992	0.5400	0.2850	0.1933	0.1475	0.1180	0.0650	0.0370
0.65 	 0.5958237769170011	0.5600	0.2850	0.1933	0.1500	0.1200	0.0650	0.0375
0.66 	 0.5916914067426516	0.5400	0.2850	0.1900	0.1450	0.1220	0.0660	0.0375
0.66 	 0.5899467073503344	0.5400	0.2850	0.1933	0.1450	0.1180	0.0660	0.0370
0.66 	 0.5883153026505991	0.5400	0.2850	0.1900	0.1425	0.1160	0.0660	0.0370
0.66 	 0.5979523682209276	0.5600	0.2850	0.1900	0.1450	0.1180	0.0660	0.0375
0.67 	 0.5994321574965443	0.5500	0.2850	0.1967	0.1500	0.1220	0.0670	0.0365
0.66 	 0.599776215610432	0.5600	0.2900	0.1933	0.1450	0.1180	0.0660	0.0365
0.66 	 0.5985405198392532	0.5500	0.2950	0.1967	0.1500	0.1200	0.0660	0.0370
0.66 	 0.5899642107384356	0.5300	0.2850	0.2000	0.1500	0.1200	0.0660	0.0370
0.66 	 0.5950843415373405	0.5500	0.2850	0.1933	0.1500	0.1200	0.0660	0.0365
0.66 	 0.5962432402296853	0.5400	0.2950	0.1967	0.1500	0.1240	0.0660	0.0365
0.65 	 0.5932829269900595	0.5500	0.2900	0.1933	0.1475	0.1200	0.0650	0.0375
0.65 	 0.5896708011467084	0.5500	0.2850	0.1900	0.1450	0.1180	0.0650	0.0370
0.66 	 0.5953846804511965	0.5500	0.2850	0.1933	0.1475	0.1220	0.0660	0.0365
0.65 	 0.5960871581777333	0.5600	0.2900	0.1967	0.1475	0.1180	0.0650	0.0370
0.65 	 0.5931237861735026	0.5500	0.2900	0.1933	0.1475	0.1200	0.0650	0.0365
0.66 	 0.5977571064800231	0.5600	0.2850	0.1900	0.1450	0.1200	0.0660	0.0370
0.64 	 0.5867574584206922	0.5500	0.2850	0.1900	0.1425	0.1200	0.0640	0.0355
0.66 	 0.5983262416440623	0.5600	0.2850	0.1933	0.1475	0.1200	0.0660	0.0360
0.65 	 0.5920262546708752	0.5500	0.2900	0.1933	0.1475	0.1180	0.0650	0.0380
0.66 	 0.6033615036109938	0.5700	0.2900	0.1933	0.1475	0.1200	0.0660	0.0365
0.66 	 0.5903497501470483	0.5300	0.2900	0.1967	0.1500	0.1220	0.0660	0.0365
0.66 	 0.5974381253358642	0.5600	0.2850	0.1933	0.1450	0.1180	0.0660	0.0360

Process finished with exit code 0
